2 0.974609 0.443287 0.050781 0.107870
0 0.885498 0.480093 0.058594 0.136111
0 0.422485 0.360185 0.030029 0.103704
0 0.480957 0.368750 0.035156 0.105093
0 0.546631 0.355324 0.034180 0.098611
0 0.638672 0.405093 0.033203 0.087037
0 0.699951 0.405093 0.039062 0.101852
0 0.555298 0.416898 0.037354 0.083796
0 0.555054 0.514815 0.040283 0.140741
0 0.621704 0.610648 0.048584 0.162037
0 0.681763 0.565972 0.040771 0.164352
0 0.603394 0.516898 0.040283 0.131019
0 0.531982 0.154167 0.020508 0.038889
1 0.635742 0.496759 0.031250 0.112963
0 0.573608 0.160880 0.020264 0.042130
1 0.842651 0.380787 0.034912 0.099537
